0 0.095450 0.384910 0.045780 0.085916
0 0.096590 0.486276 0.038900 0.085886
0 0.138940 0.569595 0.029760 0.063574
0 0.542890 0.522357 0.038900 0.099670
0 0.423300 0.439880 0.040040 0.051532
0 0.374670 0.343664 0.036620 0.079039
0 0.916510 0.403799 0.033180 0.082492
0 0.775180 0.304144 0.050360 0.137477
0 0.679630 0.224249 0.040060 0.104835
0 0.610400 0.173559 0.041200 0.096246
0 0.525720 0.109985 0.045760 0.123694
0 0.457050 0.096246 0.036620 0.079039
0 0.261950 0.210511 0.060660 0.166667
0 0.400410 0.074760 0.040060 0.077327
